[
    {
        "type": "Spine",
        "location": [
            8,
            291
        ],
        "radloc": [
            0,
            0
        ],
        "mean": [
            44.88513513513514,
            45.898648648648646,
            58.858108108108105,
            59.62837837837838,
            60.695945945945944,
            83.47297297297297,
            93.76351351351352,
            76.6891891891892
        ],
        "min": [
            3.0,
            5.0,
            9.0,
            7.0,
            6.0,
            15.0,
            16.0,
            14.0
        ],
        "max": [
            169.0,
            156.0,
            157.0,
            154.0,
            157.0,
            208.0,
            191.0,
            192.0
        ],
        "RawIntDen": [
            6643.0,
            6793.0,
            8711.0,
            8825.0,
            8983.0,
            12354.0,
            13877.0,
            11350.0
        ],
        "IntDen": [
            4382.527855808648,
            4481.486034097267,
            5746.831273814411,
            5822.039489313762,
            5926.275437111108,
            8150.195563850676,
            9154.950934074455,
            7487.8354905055185
        ],
        "FlagUp": 0,
        "Times": [
            -15,
            -10,
            -5,
            2,
            10,
            20,
            30,
            40
        ],
        "width": 0,
        "height": 0,
        "area": 0.6597211885907945,
        "distance": 21.600282276982977,
        "xpert": [
            [
                8.0,
                297.6
            ],
            [
                2.6,
                296.4
            ],
            [
                1.8,
                291.0
            ],
            [
                2.0,
                285.0
            ],
            [
                8.0,
                282.8
            ],
            [
                13.0,
                286.0
            ],
            [
                14.4,
                291.0
            ],
            [
                12.8,
                295.8
            ]
        ],
        "stack": 0
    },
    {
        "type": "Spine",
        "location": [
            39,
            277
        ],
        "radloc": [
            0,
            0
        ],
        "mean": [
            46.747899159663866,
            46.94957983193277,
            52.9327731092437,
            39.94957983193277,
            33.80672268907563,
            40.260504201680675,
            36.831932773109244,
            33.00840336134454
        ],
        "min": [
            6.0,
            12.0,
            11.0,
            7.0,
            6.0,
            6.0,
            6.0,
            5.0
        ],
        "max": [
            134.0,
            136.0,
            139.0,
            104.0,
            91.0,
            109.0,
            126.0,
            95.0
        ],
        "RawIntDen": [
            5563.0,
            5587.0,
            6299.0,
            4754.0,
            4023.0,
            4791.0,
            4383.0,
            3928.0
        ],
        "IntDen": [
            2988.6229414744216,
            3001.5165151928086,
            3384.0258688382855,
            2554.0020607171314,
            2161.285294544598,
            2573.8796535329775,
            2354.688900320401,
            2110.2482319093165
        ],
        "FlagUp": 0,
        "Times": [
            -15,
            -10,
            -5,
            2,
            10,
            20,
            30,
            40
        ],
        "width": 0,
        "height": 0,
        "area": 0.5372322382661193,
        "distance": 19.9709594923601,
        "xpert": [
            [
                39.0,
                283.4
            ],
            [
                34.4,
                281.6
            ],
            [
                32.2,
                277.0
            ],
            [
                34.0,
                272.0
            ],
            [
                39.0,
                271.0
            ],
            [
                43.2,
                272.8
            ],
            [
                44.6,
                277.0
            ],
            [
                44.6,
                282.6
            ]
        ],
        "stack": 0
    },
    {
        "type": "Spine",
        "location": [
            10,
            257
        ],
        "radloc": [
            0,
            0
        ],
        "mean": [
            86.53571428571429,
            92.23571428571428,
            60.5,
            73.8,
            64.65,
            67.51428571428572,
            64.18571428571428,
            80.86428571428571
        ],
        "min": [
            11.0,
            13.0,
            8.0,
            14.0,
            12.0,
            6.0,
            9.0,
            15.0
        ],
        "max": [
            178.0,
            206.0,
            142.0,
            190.0,
            152.0,
            160.0,
            159.0,
            205.0
        ],
        "RawIntDen": [
            12115.0,
            12913.0,
            8470.0,
            10332.0,
            9051.0,
            9452.0,
            8986.0,
            11321.0
        ],
        "IntDen": [
            7743.337003227877,
            8253.380992379825,
            5413.624797139094,
            6603.727438493638,
            5784.972613802354,
            6041.2729141155505,
            5743.427677342609,
            7235.849625550375
        ],
        "FlagUp": 0,
        "Times": [
            -15,
            -10,
            -5,
            2,
            10,
            20,
            30,
            40
        ],
        "width": 0,
        "height": 0,
        "area": 0.6391528686114633,
        "distance": 21.010583416296303,
        "xpert": [
            [
                10.0,
                266.8
            ],
            [
                5.0,
                262.0
            ],
            [
                4.0,
                257.0
            ],
            [
                6.4,
                253.4
            ],
            [
                10.0,
                251.8
            ],
            [
                14.0,
                253.0
            ],
            [
                18.6,
                257.0
            ],
            [
                16.0,
                263.0
            ]
        ],
        "stack": 0
    },
    {
        "type": "Spine",
        "location": [
            83,
            262
        ],
        "radloc": [
            0,
            0
        ],
        "mean": [
            141.88059701492537,
            142.66169154228857,
            147.85572139303483,
            150.45273631840797,
            139.1044776119403,
            131.5771144278607,
            127.95024875621891,
            141.7462686567164
        ],
        "min": [
            21.0,
            28.0,
            29.0,
            33.0,
            27.0,
            47.0,
            18.0,
            18.0
        ],
        "max": [
            255.0,
            253.0,
            255.0,
            255.0,
            255.0,
            255.0,
            255.0,
            255.0
        ],
        "RawIntDen": [
            28518.0,
            28675.0,
            29719.0,
            30241.0,
            27960.0,
            26447.0,
            25718.0,
            28491.0
        ],
        "IntDen": [
            26850.777013524617,
            26998.59845931757,
            27981.563996947127,
            28473.046765761905,
            26325.398881343302,
            24900.85208207748,
            24214.470973905118,
            26825.355490999715
        ],
        "FlagUp": 0,
        "Times": [
            -15,
            -10,
            -5,
            2,
            10,
            20,
            30,
            40
        ],
        "width": 0,
        "height": 0,
        "area": 0.941537871292679,
        "distance": 16.167266707737227,
        "xpert": [
            [
                83.0,
                270.0
            ],
            [
                77.6,
                267.4
            ],
            [
                76.6,
                262.0
            ],
            [
                76.0,
                255.0
            ],
            [
                83.0,
                253.8
            ],
            [
                91.6,
                253.4
            ],
            [
                90.2,
                262.0
            ],
            [
                88.8,
                267.8
            ]
        ],
        "stack": 0
    },
    {
        "type": "Spine",
        "location": [
            108,
            228
        ],
        "radloc": [
            0,
            0
        ],
        "mean": [
            42.97761194029851,
            53.723880597014926,
            50.38059701492537,
            48.64179104477612,
            51.11194029850746,
            45.73134328358209,
            55.8955223880597,
            58.90298507462686
        ],
        "min": [
            10.0,
            18.0,
            16.0,
            11.0,
            12.0,
            11.0,
            14.0,
            14.0
        ],
        "max": [
            114.0,
            120.0,
            142.0,
            130.0,
            125.0,
            123.0,
            192.0,
            134.0
        ],
        "RawIntDen": [
            5759.0,
            7199.0,
            6751.0,
            6518.0,
            6849.0,
            6128.0,
            7490.0,
            7893.0
        ],
        "IntDen": [
            4267.842280492252,
            5334.988118990054,
            5002.987191457404,
            4830.317066200469,
            5075.612394355172,
            4541.298401607314,
            5550.640507186485,
            5849.293127266078
        ],
        "FlagUp": 0,
        "Times": [
            -15,
            -10,
            -5,
            2,
            10,
            20,
            30,
            40
        ],
        "width": 0,
        "height": 0,
        "area": 0.7410734989568071,
        "distance": 14.110628733365777,
        "xpert": [
            [
                108.0,
                233.0
            ],
            [
                103.6,
                232.4
            ],
            [
                102.2,
                228.0
            ],
            [
                100.6,
                220.6
            ],
            [
                108.0,
                222.8
            ],
            [
                111.6,
                224.4
            ],
            [
                116.8,
                228.0
            ],
            [
                116.2,
                236.2
            ]
        ],
        "stack": 0
    },
    {
        "type": "Spine",
        "location": [
            137,
            212
        ],
        "radloc": [
            0,
            0
        ],
        "mean": [
            37.150442477876105,
            43.83185840707964,
            46.849557522123895,
            43.902654867256636,
            34.389380530973455,
            31.68141592920354,
            41.4070796460177,
            33.796460176991154
        ],
        "min": [
            8.0,
            10.0,
            10.0,
            6.0,
            9.0,
            8.0,
            8.0,
            7.0
        ],
        "max": [
            84.0,
            105.0,
            114.0,
            100.0,
            78.0,
            94.0,
            104.0,
            79.0
        ],
        "RawIntDen": [
            4198.0,
            4953.0,
            5294.0,
            4961.0,
            3886.0,
            3580.0,
            4679.0,
            3819.0
        ],
        "IntDen": [
            2172.821359144349,
            2563.5979494621156,
            2740.094396214908,
            2567.7386285648204,
            2011.3348741388618,
            1852.9538984604026,
            2421.779690194476,
            1976.656686653709
        ],
        "FlagUp": 0,
        "Times": [
            -15,
            -10,
            -5,
            2,
            10,
            20,
            30,
            40
        ],
        "width": 0,
        "height": 0,
        "area": 0.5175848878381013,
        "distance": 11.635098962329705,
        "xpert": [
            [
                137.0,
                218.4
            ],
            [
                131.2,
                217.8
            ],
            [
                130.0,
                212.0
            ],
            [
                133.4,
                208.4
            ],
            [
                137.0,
                207.2
            ],
            [
                140.4,
                208.6
            ],
            [
                145.2,
                212.0
            ],
            [
                141.2,
                216.2
            ]
        ],
        "stack": 0
    },
    {
        "type": "Spine",
        "location": [
            138,
            226
        ],
        "radloc": [
            0,
            0
        ],
        "mean": [
            62.05555555555556,
            52.45238095238095,
            56.03174603174603,
            57.42857142857143,
            61.111111111111114,
            57.92063492063492,
            79.30952380952381,
            69.4047619047619
        ],
        "min": [
            11.0,
            7.0,
            8.0,
            7.0,
            8.0,
            13.0,
            11.0,
            13.0
        ],
        "max": [
            165.0,
            126.0,
            133.0,
            151.0,
            140.0,
            119.0,
            180.0,
            160.0
        ],
        "RawIntDen": [
            7819.0,
            6609.0,
            7060.0,
            7236.0,
            7700.0,
            7298.0,
            9993.0,
            8745.0
        ],
        "IntDen": [
            4438.253881419517,
            3751.4285589335705,
            4007.427088223787,
            4107.328953312652,
            4370.706597637841,
            4142.521655787138,
            5672.268964960383,
            4963.873921602977
        ],
        "FlagUp": 0,
        "Times": [
            -15,
            -10,
            -5,
            2,
            10,
            20,
            30,
            40
        ],
        "width": 0,
        "height": 0,
        "area": 0.5676242334594599,
        "distance": 11.915588480367665,
        "xpert": [
            [
                138.0,
                232.2
            ],
            [
                132.8,
                231.2
            ],
            [
                131.0,
                226.0
            ],
            [
                133.2,
                221.2
            ],
            [
                138.0,
                220.0
            ],
            [
                143.4,
                220.6
            ],
            [
                143.8,
                226.0
            ],
            [
                143.0,
                231.0
            ]
        ],
        "stack": 0
    },
    {
        "type": "Spine",
        "location": [
            152,
            210
        ],
        "radloc": [
            0,
            0
        ],
        "mean": [
            54.1875,
            77.6875,
            71.60714285714286,
            61.0625,
            67.08035714285714,
            66.66964285714286,
            93.55357142857143,
            101.22321428571429
        ],
        "min": [
            8.0,
            10.0,
            11.0,
            13.0,
            11.0,
            15.0,
            21.0,
            25.0
        ],
        "max": [
            137.0,
            162.0,
            187.0,
            141.0,
            168.0,
            176.0,
            200.0,
            228.0
        ],
        "RawIntDen": [
            6069.0,
            8701.0,
            8020.0,
            6839.0,
            7513.0,
            7467.0,
            10478.0,
            11337.0
        ],
        "IntDen": [
            3165.4432625194263,
            4538.230652031888,
            4183.037562268216,
            3567.056594557647,
            3918.598654030063,
            3894.6061692589483,
            5465.070770255157,
            5913.104344567925
        ],
        "FlagUp": 0,
        "Times": [
            -15,
            -10,
            -5,
            2,
            10,
            20,
            30,
            40
        ],
        "width": 0,
        "height": 0,
        "area": 0.5215757558937925,
        "distance": 10.965835948742898,
        "xpert": [
            [
                152.0,
                218.4
            ],
            [
                146.0,
                216.0
            ],
            [
                146.2,
                210.0
            ],
            [
                148.4,
                206.4
            ],
            [
                152.0,
                204.4
            ],
            [
                155.4,
                206.6
            ],
            [
                156.8,
                210.0
            ],
            [
                157.2,
                215.2
            ]
        ],
        "stack": 0
    },
    {
        "type": "Spine",
        "location": [
            163,
            249
        ],
        "radloc": [
            0,
            0
        ],
        "mean": [
            52.704,
            55.352,
            48.504,
            48.928,
            54.24,
            51.688,
            57.76,
            62.624
        ],
        "min": [
            9.0,
            8.0,
            5.0,
            8.0,
            11.0,
            9.0,
            15.0,
            7.0
        ],
        "max": [
            141.0,
            154.0,
            125.0,
            147.0,
            139.0,
            124.0,
            148.0,
            151.0
        ],
        "RawIntDen": [
            6588.0,
            6919.0,
            6063.0,
            6116.0,
            6780.0,
            6461.0,
            7220.0,
            7828.0
        ],
        "IntDen": [
            3757.7104922430785,
            3946.508636282614,
            3458.2572426335437,
            3488.487761165554,
            3867.2248235288516,
            3685.271325194677,
            4118.195166058747,
            4464.990548463695
        ],
        "FlagUp": 0,
        "Times": [
            -15,
            -10,
            -5,
            2,
            10,
            20,
            30,
            40
        ],
        "width": 0,
        "height": 0,
        "area": 0.5703871421133999,
        "distance": 10.241045948742897,
        "xpert": [
            [
                163.0,
                255.4
            ],
            [
                158.0,
                254.0
            ],
            [
                154.4,
                249.0
            ],
            [
                158.0,
                244.0
            ],
            [
                163.0,
                243.4
            ],
            [
                166.4,
                245.6
            ],
            [
                168.8,
                249.0
            ],
            [
                168.6,
                254.6
            ]
        ],
        "stack": 0
    },
    {
        "type": "Spine",
        "location": [
            189,
            237
        ],
        "radloc": [
            0,
            0
        ],
        "mean": [
            49.95,
            49.83,
            63.57,
            55.52,
            67.5,
            49.22,
            59.67,
            50.16
        ],
        "min": [
            16.0,
            12.0,
            22.0,
            21.0,
            19.0,
            10.0,
            19.0,
            10.0
        ],
        "max": [
            119.0,
            114.0,
            135.0,
            139.0,
            143.0,
            122.0,
            143.0,
            134.0
        ],
        "RawIntDen": [
            4995.0,
            4983.0,
            6357.0,
            5552.0,
            6750.0,
            4922.0,
            5967.0,
            5016.0
        ],
        "IntDen": [
            2174.381481564274,
            2169.157742269225,
            2767.2758915523705,
            2416.8500471761463,
            2938.353353465235,
            2142.6037341860574,
            2597.504364463268,
            2183.5230253306104
        ],
        "FlagUp": 0,
        "Times": [
            -15,
            -10,
            -5,
            2,
            10,
            20,
            30,
            40
        ],
        "width": 0,
        "height": 0,
        "area": 0.4353116079207756,
        "distance": 8.309565695744789,
        "xpert": [
            [
                189.0,
                241.6
            ],
            [
                185.0,
                241.0
            ],
            [
                183.0,
                237.0
            ],
            [
                184.0,
                232.0
            ],
            [
                189.0,
                231.8
            ],
            [
                194.2,
                231.8
            ],
            [
                194.8,
                237.0
            ],
            [
                192.6,
                240.6
            ]
        ],
        "stack": 0
    },
    {
        "type": "Spine",
        "location": [
            224,
            221
        ],
        "radloc": [
            0,
            0
        ],
        "mean": [
            73.57723577235772,
            69.91869918699187,
            66.30081300813008,
            89.869918699187,
            74.52845528455285,
            81.3170731707317,
            76.1219512195122,
            86.47154471544715
        ],
        "min": [
            10.0,
            9.0,
            9.0,
            27.0,
            26.0,
            19.0,
            21.0,
            16.0
        ],
        "max": [
            170.0,
            161.0,
            152.0,
            193.0,
            157.0,
            198.0,
            152.0,
            174.0
        ],
        "RawIntDen": [
            9050.0,
            8600.0,
            8155.0,
            11054.0,
            9167.0,
            10002.0,
            9363.0,
            10636.0
        ],
        "IntDen": [
            5187.007959444426,
            4929.090436599124,
            4674.038664007657,
            6335.600661182176,
            5254.066515384206,
            5732.646807774934,
            5366.403925334604,
            6096.0239399614275
        ],
        "FlagUp": 0,
        "Times": [
            -15,
            -10,
            -5,
            2,
            10,
            20,
            30,
            40
        ],
        "width": 0,
        "height": 0,
        "area": 0.5731500507673399,
        "distance": 6.483944429932407,
        "xpert": [
            [
                224.0,
                227.8
            ],
            [
                219.8,
                225.2
            ],
            [
                217.0,
                221.0
            ],
            [
                220.4,
                217.4
            ],
            [
                224.0,
                216.0
            ],
            [
                228.0,
                217.0
            ],
            [
                230.2,
                221.0
            ],
            [
                231.6,
                228.6
            ]
        ],
        "stack": 0
    },
    {
        "type": "Spine",
        "location": [
            232,
            246
        ],
        "radloc": [
            0,
            0
        ],
        "mean": [
            69.15384615384616,
            70.53846153846153,
            72.69871794871794,
            67.32051282051282,
            63.955128205128204,
            60.3525641025641,
            69.42307692307692,
            65.48076923076923
        ],
        "min": [
            17.0,
            18.0,
            15.0,
            13.0,
            16.0,
            11.0,
            16.0,
            11.0
        ],
        "max": [
            172.0,
            148.0,
            174.0,
            144.0,
            175.0,
            146.0,
            148.0,
            139.0
        ],
        "RawIntDen": [
            10788.0,
            11004.0,
            11341.0,
            10502.0,
            9977.0,
            9415.0,
            10830.0,
            10215.0
        ],
        "IntDen": [
            7719.820966704641,
            7874.389128440664,
            8115.544084482512,
            7515.161271072687,
            7139.47476685319,
            6737.311309002985,
            7749.875887042202,
            7309.785982099362
        ],
        "FlagUp": 0,
        "Times": [
            -15,
            -10,
            -5,
            2,
            10,
            20,
            30,
            40
        ],
        "width": 0,
        "height": 0,
        "area": 0.715593341370471,
        "distance": 5.339833037620975,
        "xpert": [
            [
                232.0,
                252.6
            ],
            [
                227.6,
                250.4
            ],
            [
                226.0,
                246.0
            ],
            [
                224.8,
                238.8
            ],
            [
                232.0,
                238.8
            ],
            [
                238.8,
                239.2
            ],
            [
                238.8,
                246.0
            ],
            [
                237.0,
                251.0
            ]
        ],
        "stack": 0
    },
    {
        "type": "Spine",
        "location": [
            244,
            248
        ],
        "radloc": [
            0,
            0
        ],
        "mean": [
            45.526785714285715,
            49.964285714285715,
            57.50892857142857,
            47.392857142857146,
            48.625,
            49.285714285714285,
            50.285714285714285,
            59.714285714285715
        ],
        "min": [
            10.0,
            14.0,
            17.0,
            15.0,
            12.0,
            18.0,
            12.0,
            11.0
        ],
        "max": [
            113.0,
            99.0,
            96.0,
            88.0,
            100.0,
            109.0,
            96.0,
            139.0
        ],
        "RawIntDen": [
            5099.0,
            5596.0,
            6441.0,
            5308.0,
            5446.0,
            5520.0,
            5632.0,
            6688.0
        ],
        "IntDen": [
            2590.6397644176286,
            2843.1496610474696,
            3272.4672921384476,
            2696.826018734805,
            2766.93943067629,
            2804.5364776594056,
            2861.440116336553,
            3397.960138149657
        ],
        "FlagUp": 0,
        "Times": [
            -15,
            -10,
            -5,
            2,
            10,
            20,
            30,
            40
        ],
        "width": 0,
        "height": 0,
        "area": 0.50806820247453,
        "distance": 4.412690379497159,
        "xpert": [
            [
                244.0,
                253.2
            ],
            [
                239.4,
                252.6
            ],
            [
                237.2,
                248.0
            ],
            [
                238.2,
                242.2
            ],
            [
                244.0,
                241.0
            ],
            [
                248.4,
                243.6
            ],
            [
                249.6,
                248.0
            ],
            [
                247.4,
                251.4
            ]
        ],
        "stack": 0
    },
    {
        "type": "Spine",
        "location": [
            278,
            253
        ],
        "radloc": [
            0,
            0
        ],
        "mean": [
            92.4020618556701,
            97.14432989690722,
            97.91752577319588,
            113.02061855670104,
            87.71134020618557,
            67.52577319587628,
            75.09278350515464,
            91.05154639175258
        ],
        "min": [
            30.0,
            27.0,
            32.0,
            28.0,
            24.0,
            10.0,
            12.0,
            18.0
        ],
        "max": [
            201.0,
            200.0,
            201.0,
            206.0,
            228.0,
            192.0,
            202.0,
            221.0
        ],
        "RawIntDen": [
            8963.0,
            9423.0,
            9498.0,
            10963.0,
            8508.0,
            6550.0,
            7284.0,
            8832.0
        ],
        "IntDen": [
            3876.9339915286473,
            4075.9063931913915,
            4108.347545636404,
            4742.031390062319,
            3680.1243333622374,
            2833.1939801977733,
            3150.6847254596305,
            3820.2701119246917
        ],
        "FlagUp": 0,
        "Times": [
            -15,
            -10,
            -5,
            2,
            10,
            20,
            30,
            40
        ],
        "width": 0,
        "height": 0,
        "area": 0.4325486992668356,
        "distance": 1.6984538057580736,
        "xpert": [
            [
                278.0,
                257.6
            ],
            [
                274.4,
                256.6
            ],
            [
                272.0,
                253.0
            ],
            [
                272.8,
                247.8
            ],
            [
                278.0,
                247.4
            ],
            [
                282.4,
                248.6
            ],
            [
                284.4,
                253.0
            ],
            [
                281.8,
                256.8
            ]
        ],
        "stack": 0
    },
    {
        "type": "Stim",
        "location": [
            306,
            234
        ],
        "radloc": [
            0,
            0
        ],
        "mean": [
            41.36,
            44.24,
            43.526666666666664,
            42.973333333333336,
            54.086666666666666,
            53.2,
            62.733333333333334,
            69.78666666666666
        ],
        "min": [
            5.0,
            7.0,
            7.0,
            8.0,
            9.0,
            7.0,
            6.0,
            8.0
        ],
        "max": [
            141.0,
            138.0,
            142.0,
            126.0,
            127.0,
            175.0,
            141.0,
            155.0
        ],
        "RawIntDen": [
            6204.0,
            6636.0,
            6529.0,
            6446.0,
            8113.0,
            7980.0,
            9410.0,
            10468.0
        ],
        "IntDen": [
            4132.9061196917255,
            4420.6906850861205,
            4349.4107117129715,
            4294.118769750622,
            5404.620784825753,
            5316.020444090904,
            6268.640648984387,
            6973.446367010474
        ],
        "FlagUp": 0,
        "Times": [
            -15,
            -10,
            -5,
            2,
            10,
            20,
            30,
            40
        ],
        "width": 0,
        "height": 0,
        "area": 0.666167975449988,
        "distance": 0,
        "xpert": [
            [
                306.0,
                240.8
            ],
            [
                300.0,
                240.0
            ],
            [
                298.6,
                234.0
            ],
            [
                300.8,
                228.8
            ],
            [
                306.0,
                228.4
            ],
            [
                311.0,
                229.0
            ],
            [
                313.0,
                234.0
            ],
            [
                312.0,
                240.0
            ]
        ],
        "stack": 0
    },
    {
        "type": "Stim",
        "location": [
            331,
            241
        ],
        "radloc": [
            0,
            0
        ],
        "mean": [
            83.90697674418605,
            67.09302325581395,
            48.86046511627907,
            49.8062015503876,
            73.96899224806202,
            71.40310077519379,
            58.12403100775194,
            65.10852713178295
        ],
        "min": [
            15.0,
            10.0,
            8.0,
            9.0,
            13.0,
            13.0,
            10.0,
            11.0
        ],
        "max": [
            176.0,
            181.0,
            137.0,
            146.0,
            173.0,
            152.0,
            144.0,
            157.0
        ],
        "RawIntDen": [
            10824.0,
            8655.0,
            6303.0,
            6425.0,
            9542.0,
            9211.0,
            7498.0,
            8399.0
        ],
        "IntDen": [
            6346.659049574646,
            5074.864567079505,
            3695.767922160846,
            3767.302697109858,
            5594.957561995683,
            5400.8755086504125,
            4396.456906292562,
            4924.758809809447
        ],
        "FlagUp": 0,
        "Times": [
            -15,
            -10,
            -5,
            2,
            10,
            20,
            30,
            40
        ],
        "width": 0,
        "height": 0,
        "area": 0.5863506143361646,
        "distance": 0,
        "xpert": [
            [
                331.0,
                249.6
            ],
            [
                324.4,
                247.6
            ],
            [
                325.0,
                241.0
            ],
            [
                326.8,
                236.8
            ],
            [
                331.0,
                235.6
            ],
            [
                334.8,
                237.2
            ],
            [
                336.6,
                241.0
            ],
            [
                335.8,
                245.8
            ]
        ],
        "stack": 0
    },
    {
        "type": "Spine",
        "location": [
            313,
            269
        ],
        "radloc": [
            0,
            0
        ],
        "mean": [
            45.25,
            46.41935483870968,
            38.95967741935484,
            39.153225806451616,
            41.766129032258064,
            47.24193548387097,
            44.935483870967744,
            54.21774193548387
        ],
        "min": [
            12.0,
            9.0,
            10.0,
            9.0,
            9.0,
            11.0,
            9.0,
            9.0
        ],
        "max": [
            98.0,
            114.0,
            99.0,
            100.0,
            94.0,
            115.0,
            103.0,
            110.0
        ],
        "RawIntDen": [
            5611.0,
            5756.0,
            4831.0,
            4855.0,
            5179.0,
            5858.0,
            5572.0,
            6723.0
        ],
        "IntDen": [
            3098.813571400709,
            3178.893408836657,
            2668.0392734694037,
            2681.293867251906,
            2860.2308833156785,
            3235.225432412289,
            3077.274856504144,
            3712.9430833232877
        ],
        "FlagUp": 0,
        "Times": [
            -15,
            -10,
            -5,
            2,
            10,
            20,
            30,
            40
        ],
        "width": 0,
        "height": 0,
        "area": 0.5522747409375707,
        "distance": -0.46123000000000003,
        "xpert": [
            [
                313.0,
                276.0
            ],
            [
                307.4,
                274.6
            ],
            [
                306.6,
                269.0
            ],
            [
                309.4,
                265.4
            ],
            [
                313.0,
                262.0
            ],
            [
                317.0,
                265.0
            ],
            [
                320.0,
                269.0
            ],
            [
                317.8,
                273.8
            ]
        ],
        "stack": 0
    },
    {
        "type": "Spine",
        "location": [
            307,
            263
        ],
        "radloc": [
            0,
            0
        ],
        "mean": [
            45.38461538461539,
            43.23076923076923,
            44.065934065934066,
            45.48351648351648,
            56.967032967032964,
            40.08791208791209,
            41.472527472527474,
            29.681318681318682
        ],
        "min": [
            10.0,
            10.0,
            12.0,
            9.0,
            17.0,
            8.0,
            11.0,
            5.0
        ],
        "max": [
            112.0,
            114.0,
            121.0,
            100.0,
            122.0,
            115.0,
            105.0,
            96.0
        ],
        "RawIntDen": [
            4130.0,
            3934.0,
            4010.0,
            4139.0,
            5184.0,
            3648.0,
            3774.0,
            2701.0
        ],
        "IntDen": [
            1683.7288133050795,
            1603.82303911433,
            1634.8069107393144,
            1687.3979559975119,
            2113.426190841049,
            1487.2258379992566,
            1538.59383569331,
            1101.1504902510944
        ],
        "FlagUp": 0,
        "Times": [
            -15,
            -10,
            -5,
            2,
            10,
            20,
            30,
            40
        ],
        "width": 0,
        "height": 0,
        "area": 0.4076825213813752,
        "distance": -0.06589,
        "xpert": [
            [
                307.0,
                268.2
            ],
            [
                303.8,
                266.2
            ],
            [
                302.0,
                263.0
            ],
            [
                303.2,
                259.2
            ],
            [
                307.0,
                257.8
            ],
            [
                312.2,
                257.8
            ],
            [
                314.0,
                263.0
            ],
            [
                310.6,
                266.6
            ]
        ],
        "stack": 0
    },
    {
        "type": "Stim",
        "location": [
            364,
            239
        ],
        "radloc": [
            0,
            0
        ],
        "mean": [
            44.71900826446281,
            55.70247933884298,
            54.239669421487605,
            53.0,
            61.6198347107438,
            58.68595041322314,
            60.00826446280992,
            96.16528925619835
        ],
        "min": [
            6.0,
            8.0,
            6.0,
            6.0,
            11.0,
            8.0,
            10.0,
            23.0
        ],
        "max": [
            131.0,
            146.0,
            138.0,
            174.0,
            161.0,
            159.0,
            164.0,
            193.0
        ],
        "RawIntDen": [
            5411.0,
            6740.0,
            6563.0,
            6413.0,
            7456.0,
            7101.0,
            7261.0,
            11636.0
        ],
        "IntDen": [
            2908.624763338691,
            3623.0143975055953,
            3527.8699541289648,
            3447.2390699114812,
            4007.8924848370502,
            3817.0660588556725,
            3903.0723353543217,
            6254.806458364259
        ],
        "FlagUp": 0,
        "Times": [
            -15,
            -10,
            -5,
            2,
            10,
            20,
            30,
            40
        ],
        "width": 0,
        "height": 0,
        "area": 0.5375392281165572,
        "distance": 0,
        "xpert": [
            [
                364.0,
                244.6
            ],
            [
                359.2,
                243.8
            ],
            [
                356.8,
                239.0
            ],
            [
                359.0,
                234.0
            ],
            [
                364.0,
                233.6
            ],
            [
                368.4,
                234.6
            ],
            [
                371.6,
                239.0
            ],
            [
                368.4,
                243.4
            ]
        ],
        "stack": 0
    },
    {
        "type": "Stim",
        "location": [
            378,
            237
        ],
        "radloc": [
            0,
            0
        ],
        "mean": [
            31.723809523809525,
            28.79047619047619,
            30.857142857142858,
            28.876190476190477,
            27.704761904761906,
            26.047619047619047,
            32.94285714285714,
            37.93333333333333
        ],
        "min": [
            6.0,
            7.0,
            9.0,
            5.0,
            6.0,
            6.0,
            8.0,
            10.0
        ],
        "max": [
            82.0,
            80.0,
            74.0,
            75.0,
            80.0,
            64.0,
            76.0,
            94.0
        ],
        "RawIntDen": [
            3331.0,
            3023.0,
            3240.0,
            3032.0,
            2909.0,
            2735.0,
            3459.0,
            3983.0
        ],
        "IntDen": [
            1588.0716968782178,
            1441.2310836574159,
            1544.686970244799,
            1445.5218807969848,
            1386.88098655621,
            1303.9255751912117,
            1649.096367307642,
            1898.9161118780971
        ],
        "FlagUp": 0,
        "Times": [
            -15,
            -10,
            -5,
            2,
            10,
            20,
            30,
            40
        ],
        "width": 0,
        "height": 0,
        "area": 0.47675523772987627,
        "distance": 0,
        "xpert": [
            [
                378.0,
                243.6
            ],
            [
                373.2,
                241.8
            ],
            [
                370.4,
                237.0
            ],
            [
                374.0,
                233.0
            ],
            [
                378.0,
                230.8
            ],
            [
                381.2,
                233.8
            ],
            [
                383.8,
                237.0
            ],
            [
                381.8,
                240.8
            ]
        ],
        "stack": 0
    },
    {
        "type": "Stim",
        "location": [
            376,
            274
        ],
        "radloc": [
            0,
            0
        ],
        "mean": [
            38.16260162601626,
            31.024390243902438,
            32.829268292682926,
            45.59349593495935,
            33.53658536585366,
            35.00813008130081,
            35.36585365853659,
            38.17886178861789
        ],
        "min": [
            6.0,
            7.0,
            6.0,
            14.0,
            8.0,
            9.0,
            8.0,
            8.0
        ],
        "max": [
            99.0,
            65.0,
            119.0,
            115.0,
            84.0,
            79.0,
            83.0,
            88.0
        ],
        "RawIntDen": [
            4694.0,
            3816.0,
            4038.0,
            5608.0,
            4125.0,
            4306.0,
            4350.0,
            4696.0
        ],
        "IntDen": [
            2922.36900593264,
            2375.7477900807316,
            2513.9595325854284,
            3491.4029367853104,
            2568.123593837269,
            2680.809744257765,
            2708.2030625920293,
            2923.6141567660156
        ],
        "FlagUp": 0,
        "Times": [
            -15,
            -10,
            -5,
            2,
            10,
            20,
            30,
            40
        ],
        "width": 0,
        "height": 0,
        "area": 0.6225754166878228,
        "distance": 0,
        "xpert": [
            [
                376.0,
                279.2
            ],
            [
                370.8,
                279.2
            ],
            [
                369.4,
                274.0
            ],
            [
                372.0,
                270.0
            ],
            [
                376.0,
                268.0
            ],
            [
                385.0,
                265.0
            ],
            [
                381.0,
                274.0
            ],
            [
                379.2,
                277.2
            ]
        ],
        "stack": 0
    },
    {
        "type": "Spine",
        "location": [
            396,
            261
        ],
        "radloc": [
            0,
            0
        ],
        "mean": [
            85.70370370370371,
            91.17901234567901,
            100.04320987654322,
            95.37037037037037,
            121.04320987654322,
            92.76543209876543,
            114.72839506172839,
            122.05555555555556
        ],
        "min": [
            29.0,
            21.0,
            19.0,
            15.0,
            20.0,
            23.0,
            19.0,
            34.0
        ],
        "max": [
            210.0,
            221.0,
            238.0,
            214.0,
            253.0,
            210.0,
            251.0,
            255.0
        ],
        "RawIntDen": [
            13884.0,
            14771.0,
            16207.0,
            15450.0,
            19609.0,
            15028.0,
            18586.0,
            19773.0
        ],
        "IntDen": [
            9952.346939921532,
            10588.167433706492,
            11617.522821615403,
            11074.88909693083,
            14056.148886842502,
            10772.390508004954,
            13322.84069615252,
            14173.707580169146
        ],
        "FlagUp": 0,
        "Times": [
            -15,
            -10,
            -5,
            2,
            10,
            20,
            30,
            40
        ],
        "width": 0,
        "height": 0,
        "area": 0.7168213007722221,
        "distance": -1.2406050632495267,
        "xpert": [
            [
                396.0,
                268.2
            ],
            [
                390.0,
                267.0
            ],
            [
                386.0,
                261.0
            ],
            [
                390.8,
                255.8
            ],
            [
                396.0,
                255.8
            ],
            [
                401.2,
                255.8
            ],
            [
                403.0,
                261.0
            ],
            [
                401.2,
                266.2
            ]
        ],
        "stack": 0
    },
    {
        "type": "Stim",
        "location": [
            418,
            258
        ],
        "radloc": [
            0,
            0
        ],
        "mean": [
            95.10191082802548,
            105.3312101910828,
            114.05732484076434,
            92.45859872611464,
            92.28662420382166,
            98.82165605095541,
            75.94904458598727,
            101.89808917197452
        ],
        "min": [
            13.0,
            15.0,
            18.0,
            20.0,
            15.0,
            15.0,
            16.0,
            15.0
        ],
        "max": [
            233.0,
            197.0,
            217.0,
            203.0,
            208.0,
            195.0,
            163.0,
            216.0
        ],
        "RawIntDen": [
            14931.0,
            16537.0,
            17907.0,
            14516.0,
            14489.0,
            15515.0,
            11924.0,
            15998.0
        ],
        "IntDen": [
            11161.2253875187,
            12361.742966539197,
            13385.845758107116,
            10851.00446890506,
            10830.821421188028,
            11597.777234435243,
            8913.431888069987,
            11958.829532484373
        ],
        "FlagUp": 0,
        "Times": [
            -15,
            -10,
            -5,
            2,
            10,
            20,
            30,
            40
        ],
        "width": 0,
        "height": 0,
        "area": 0.7475202858160003,
        "distance": 0,
        "xpert": [
            [
                418.0,
                264.8
            ],
            [
                411.4,
                264.6
            ],
            [
                408.2,
                258.0
            ],
            [
                413.2,
                253.2
            ],
            [
                418.0,
                253.2
            ],
            [
                422.8,
                253.2
            ],
            [
                427.6,
                258.0
            ],
            [
                422.8,
                262.8
            ]
        ],
        "stack": 0
    },
    {
        "type": "Stim",
        "location": [
            426,
            233
        ],
        "radloc": [
            0,
            0
        ],
        "mean": [
            58.51851851851852,
            72.68518518518519,
            74.62962962962963,
            83.12962962962963,
            91.94444444444444,
            80.79629629629629,
            84.69444444444444,
            77.89814814814815
        ],
        "min": [
            14.0,
            21.0,
            16.0,
            14.0,
            10.0,
            19.0,
            21.0,
            13.0
        ],
        "max": [
            119.0,
            180.0,
            195.0,
            185.0,
            212.0,
            181.0,
            194.0,
            189.0
        ],
        "RawIntDen": [
            6320.0,
            7850.0,
            8060.0,
            8978.0,
            9930.0,
            8726.0,
            9147.0,
            8413.0
        ],
        "IntDen": [
            3071.2983780958216,
            3814.824725957626,
            3916.8773619386584,
            4362.993170655741,
            4825.631787103086,
            4240.530007478503,
            4445.1212443738095,
            4088.4229833734407
        ],
        "FlagUp": 0,
        "Times": [
            -15,
            -10,
            -5,
            2,
            10,
            20,
            30,
            40
        ],
        "width": 0,
        "height": 0,
        "area": 0.4859649332430097,
        "distance": 0,
        "xpert": [
            [
                426.0,
                239.2
            ],
            [
                421.4,
                237.6
            ],
            [
                420.4,
                233.0
            ],
            [
                421.6,
                228.6
            ],
            [
                426.0,
                227.2
            ],
            [
                431.4,
                227.6
            ],
            [
                431.8,
                233.0
            ],
            [
                430.2,
                237.2
            ]
        ],
        "stack": 0
    },
    {
        "type": "Spine",
        "location": [
            442,
            264
        ],
        "radloc": [
            0,
            0
        ],
        "mean": [
            51.54054054054054,
            30.37837837837838,
            34.4054054054054,
            31.00900900900901,
            35.01801801801802,
            32.04504504504504,
            28.783783783783782,
            26.16216216216216
        ],
        "min": [
            11.0,
            7.0,
            7.0,
            8.0,
            8.0,
            6.0,
            7.0,
            7.0
        ],
        "max": [
            119.0,
            72.0,
            84.0,
            93.0,
            79.0,
            83.0,
            58.0,
            86.0
        ],
        "RawIntDen": [
            5721.0,
            3372.0,
            3819.0,
            3442.0,
            3887.0,
            3557.0,
            3195.0,
            2904.0
        ],
        "IntDen": [
            2869.7761187353403,
            1691.467413454915,
            1915.6921862349704,
            1726.5809125479884,
            1949.8024424968132,
            1784.2673753437523,
            1602.6804228910003,
            1456.7085909469374
        ],
        "FlagUp": 0,
        "Times": [
            -15,
            -10,
            -5,
            2,
            10,
            20,
            30,
            40
        ],
        "width": 0,
        "height": 0,
        "area": 0.5016214156153366,
        "distance": 1.05424,
        "xpert": [
            [
                442.0,
                270.0
            ],
            [
                437.4,
                268.6
            ],
            [
                436.8,
                264.0
            ],
            [
                438.4,
                260.4
            ],
            [
                442.0,
                257.0
            ],
            [
                447.6,
                258.4
            ],
            [
                447.4,
                264.0
            ],
            [
                446.8,
                268.8
            ]
        ],
        "stack": 0
    },
    {
        "type": "Spine",
        "location": [
            463,
            270
        ],
        "radloc": [
            0,
            0
        ],
        "mean": [
            43.622950819672134,
            58.98360655737705,
            51.59836065573771,
            62.27049180327869,
            50.90983606557377,
            65.64754098360656,
            56.778688524590166,
            64.50819672131148
        ],
        "min": [
            17.0,
            20.0,
            13.0,
            23.0,
            13.0,
            7.0,
            10.0,
            9.0
        ],
        "max": [
            114.0,
            131.0,
            124.0,
            148.0,
            143.0,
            170.0,
            184.0,
            161.0
        ],
        "RawIntDen": [
            5322.0,
            7196.0,
            6295.0,
            7597.0,
            6211.0,
            8009.0,
            6927.0,
            7870.0
        ],
        "IntDen": [
            2984.952570822588,
            4036.0238067717664,
            3530.679525240171,
            4260.932859928448,
            3483.5664068731853,
            4492.011488109378,
            3885.1496539060627,
            4414.050494621151
        ],
        "FlagUp": 0,
        "Times": [
            -15,
            -10,
            -5,
            2,
            10,
            20,
            30,
            40
        ],
        "width": 0,
        "height": 0,
        "area": 0.5608704567498286,
        "distance": 3.389054050435251,
        "xpert": [
            [
                463.0,
                275.8
            ],
            [
                458.2,
                274.8
            ],
            [
                457.8,
                270.0
            ],
            [
                458.6,
                265.6
            ],
            [
                463.0,
                264.0
            ],
            [
                468.4,
                264.6
            ],
            [
                470.6,
                270.0
            ],
            [
                468.6,
                275.6
            ]
        ],
        "stack": 0
    },
    {
        "type": "Spine",
        "location": [
            471,
            249
        ],
        "radloc": [
            0,
            0
        ],
        "mean": [
            56.22115384615385,
            53.11538461538461,
            58.88461538461539,
            82.75961538461539,
            55.0,
            72.3173076923077,
            92.0576923076923,
            107.15384615384616
        ],
        "min": [
            7.0,
            5.0,
            6.0,
            8.0,
            7.0,
            13.0,
            16.0,
            37.0
        ],
        "max": [
            181.0,
            183.0,
            205.0,
            213.0,
            216.0,
            223.0,
            174.0,
            198.0
        ],
        "RawIntDen": [
            5847.0,
            5524.0,
            6124.0,
            8607.0,
            5720.0,
            7521.0,
            9574.0,
            11144.0
        ],
        "IntDen": [
            3083.757868165689,
            2913.404902299858,
            3229.850040131124,
            4539.405502189514,
            3016.7769806580714,
            3966.639802714922,
            5049.409582660905,
            5877.441026652718
        ],
        "FlagUp": 0,
        "Times": [
            -15,
            -10,
            -5,
            2,
            10,
            20,
            30,
            40
        ],
        "width": 0,
        "height": 0,
        "area": 0.5274085630521104,
        "distance": 2.7833675948742904,
        "xpert": [
            [
                471.0,
                255.8
            ],
            [
                466.0,
                254.0
            ],
            [
                462.8,
                249.0
            ],
            [
                467.0,
                245.0
            ],
            [
                471.0,
                244.4
            ],
            [
                474.4,
                245.6
            ],
            [
                477.4,
                249.0
            ],
            [
                474.4,
                252.4
            ]
        ],
        "stack": 0
    },
    {
        "type": "Spine",
        "location": [
            492,
            287
        ],
        "radloc": [
            0,
            0
        ],
        "mean": [
            81.21126760563381,
            74.80985915492958,
            78.50704225352112,
            74.59859154929578,
            62.45774647887324,
            60.190140845070424,
            67.67605633802818,
            78.95774647887323
        ],
        "min": [
            18.0,
            20.0,
            25.0,
            16.0,
            6.0,
            10.0,
            8.0,
            9.0
        ],
        "max": [
            180.0,
            153.0,
            169.0,
            162.0,
            145.0,
            142.0,
            171.0,
            171.0
        ],
        "RawIntDen": [
            11532.0,
            10623.0,
            11148.0,
            10593.0,
            8869.0,
            8547.0,
            9610.0,
            11212.0
        ],
        "IntDen": [
            7632.686195515783,
            7031.046258668414,
            7378.52807037894,
            7011.190155142099,
            5870.126072496486,
            5657.003894647363,
            6360.571829596485,
            7420.887757901748
        ],
        "FlagUp": 0,
        "Times": [
            -15,
            -10,
            -5,
            2,
            10,
            20,
            30,
            40
        ],
        "width": 0,
        "height": 0,
        "area": 0.661870117543859,
        "distance": 5.7831358222438425,
        "xpert": [
            [
                492.0,
                291.8
            ],
            [
                488.2,
                290.8
            ],
            [
                484.0,
                287.0
            ],
            [
                486.0,
                281.0
            ],
            [
                492.0,
                277.0
            ],
            [
                498.0,
                281.0
            ],
            [
                498.0,
                287.0
            ],
            [
                495.8,
                290.8
            ]
        ],
        "stack": 0
    },
    {
        "type": "Spine",
        "location": [
            495,
            260
        ],
        "radloc": [
            0,
            0
        ],
        "mean": [
            92.3030303030303,
            80.60606060606061,
            69.32323232323232,
            105.48484848484848,
            83.25252525252525,
            93.11111111111111,
            142.2020202020202,
            116.44444444444444
        ],
        "min": [
            10.0,
            9.0,
            7.0,
            15.0,
            15.0,
            24.0,
            47.0,
            11.0
        ],
        "max": [
            245.0,
            204.0,
            211.0,
            223.0,
            186.0,
            225.0,
            227.0,
            230.0
        ],
        "RawIntDen": [
            9138.0,
            7980.0,
            6863.0,
            10443.0,
            8242.0,
            9218.0,
            14078.0,
            11528.0
        ],
        "IntDen": [
            4308.899717069502,
            3762.8605539740233,
            3236.1543836997143,
            4924.2547324750285,
            3886.403093465401,
            4346.622629891296,
            6638.289583815325,
            5435.871737620619
        ],
        "FlagUp": 0,
        "Times": [
            -15,
            -10,
            -5,
            2,
            10,
            20,
            30,
            40
        ],
        "width": 0,
        "height": 0,
        "area": 0.471536410272434,
        "distance": 4.983090505996212,
        "xpert": [
            [
                495.0,
                265.8
            ],
            [
                490.0,
                265.0
            ],
            [
                488.8,
                260.0
            ],
            [
                490.6,
                255.6
            ],
            [
                495.0,
                254.6
            ],
            [
                498.4,
                256.6
            ],
            [
                500.8,
                260.0
            ],
            [
                499.2,
                264.2
            ]
        ],
        "stack": 0
    }
]